No	GenomicLocus	uniqID	rsID	chr	pos	p	nSNPs	nGWASSNPs
1	1	1:22174426:G:T	rs2290501	1	22174426	3.9e-06	85	56
2	1	1:22475425:G:T	rs7529389	1	22475425	9e-07	357	235
3	1	1:22536643:C:T	rs2473248	1	22536643	1.1e-09	145	97
4	2	1:26421012:A:G	rs55657303	1	26421012	1.5e-07	466	290
5	3	1:39957169:C:T	rs7533743	1	39957169	1.6e-06	604	349
6	3	1:41024272:C:T	rs188513593	1	41024272	5.2e-06	280	167
7	4	1:43417150:G:T	rs4660691	1	43417150	1.9e-06	128	71
8	4	1:43458458:C:T	rs12404679	1	43458458	1.2e-07	71	35
9	5	1:66112676:G:T	rs12127241	1	66112676	2.8e-06	576	366
10	5	1:66448005:C:T	rs2096406	1	66448005	1.6e-06	432	270
11	6	1:119412317:A:G	rs80278614	1	119412317	6.2e-06	317	164
12	7	1:154986091:C:T	rs3753639	1	154986091	1.3e-12	206	139
13	7	1:155974528:A:G	rs6668204	1	155974528	9.8e-09	606	370
14	8	1:161500712:G:T	rs114693598	1	161500712	5.3e-08	314	210
15	8	1:161644871:A:C	rs72480273	1	161644871	1.5e-09	310	203
16	9	1:170269234:A:G	rs7543550	1	170269234	9.4e-07	504	305
17	10	1:176521655:A:G	rs10913200	1	176521655	4e-07	376	214
18	10	1:176813190:A:G	rs2861813	1	176813190	2.4e-06	334	173
19	11	1:211762997:A:G	rs115121577	1	211762997	2.5e-06	178	74
20	11	1:212289976:A:G	rs61830764	1	212289976	4.5e-08	323	180
21	12	1:214724668:A:G	rs3806315	1	214724668	9.8e-08	413	289
22	12	1:215037331:A:G	rs1244982	1	215037331	1.4e-06	234	153
23	13	1:232775308:C:T	rs9424569	1	232775308	4.2e-06	128	78
24	14	2:9662210:A:G	rs10495563	2	9662210	5e-07	393	242
25	15	2:23962647:A:G	rs7575873	2	23962647	6.2e-11	911	644
26	16	2:43144956:C:T	rs11682091	2	43144956	8.2e-06	163	80
27	16	2:43230848:C:T	rs35073661	2	43230848	7.5e-06	200	108
28	16	2:43617726:G:T	rs10495901	2	43617726	2.4e-06	394	197
29	17	2:46484205:C:T	rs1374204	2	46484205	1.5e-29	99	66
30	17	2:46652428:A:G	rs34712412	2	46652428	4.7e-08	412	251
31	18	2:58335681:C:T	rs1016771	2	58335681	3.8e-06	822	484
32	19	2:97528099:A:G	rs114089901	2	97528099	1.7e-07	34	22
33	20	2:112617008:A:G	rs143849953	2	112617008	7.9e-06	105	16
34	20	2:112651316:C:T	rs11690295	2	112651316	1.9e-06	504	330
35	20	2:113886775:C:T	rs1665190	2	113886775	1.2e-06	521	367
36	21	2:121309488:C:T	rs2030746	2	121309488	1.5e-07	90	67
37	22	2:148519002:A:G	rs4662551	2	148519002	6.5e-06	578	298
38	23	2:158342497:A:G	rs7597165	2	158342497	2.9e-06	111	75
39	23	2:159416104:C:T	rs72936956	2	159416104	4.9e-06	436	212
40	24	2:208242035:G:T	rs7422731	2	208242035	5.3e-06	16	12
41	24	2:208477852:A:G	rs2551949	2	208477852	9.5e-07	251	152
42	25	2:224043149:C:T	rs13028284	2	224043149	1.4e-06	318	222
43	26	2:226990798:C:T	rs13388153	2	226990798	4.6e-07	571	371
44	27	3:46941116:A:G	rs2242116	3	46941116	1.2e-08	558	332
45	28	3:56160905:A:C	rs531033093	3	56160905	6.9e-06	1	1
46	29	3:122922417:C:T	rs7631072	3	122922417	6.7e-07	396	279
47	29	3:123068744:C:T	rs11719201	3	123068744	6.4e-27	288	216
48	29	3:123143308:A:G	rs79684696	3	123143308	7.1e-07	16	8
49	30	3:124716185:A:C	rs74999946	3	124716185	7.4e-06	36	8
50	31	3:141154542:C:T	rs6440008	3	141154542	4.7e-06	202	119
51	32	3:142304764:C:T	rs56397702	3	142304764	4.4e-07	527	295
52	33	3:148622968:C:T	rs10935733	3	148622968	6.2e-10	214	148
53	34	3:156795468:A:G	rs13322435	3	156795468	1.3e-42	115	80
54	34	3:156830611:C:T	rs13091434	3	156830611	1.4e-06	248	144
55	35	3:183545282:A:G	rs7349550	3	183545282	5.8e-06	583	322
56	36	3:186665645:C:T	rs3887925	3	186665645	7.5e-06	90	39
57	37	4:17932319:C:T	rs73802707	4	17932319	3.1e-09	357	258
58	37	4:17946432:C:T	rs2724475	4	17946432	1.3e-15	632	441
59	38	4:38477375:G:T	rs28539200	4	38477375	6.5e-06	282	154
60	38	4:38654681:C:T	rs4833079	4	38654681	2.7e-06	493	269
61	39	4:79881188:G:T	rs17003516	4	79881188	2.7e-06	117	63
62	40	4:106115450:G:T	rs1015521	4	106115450	3.6e-06	595	361
63	40	4:106140857:A:G	rs71599043	4	106140857	7e-06	97	61
64	41	4:134847697:A:G	rs17540695	4	134847697	7.3e-07	784	438
65	42	4:145601863:A:G	rs6537307	4	145601863	1.3e-12	424	276
66	43	5:1951243:A:C	rs545639053	5	1951243	2e-06	89	38
67	44	5:36160668:A:G	rs12656216	5	36160668	2e-06	413	238
68	45	5:39812149:A:G	rs66760340	5	39812149	5.6e-06	772	320
69	46	5:56914261:A:G	rs4699908	5	56914261	4.5e-06	82	47
70	46	5:57091783:A:G	rs854037	5	57091783	3.4e-08	275	177
71	46	5:58291208:C:T	rs12657171	5	58291208	2e-07	310	214
72	47	5:67585143:A:G	rs34287	5	67585143	3.5e-07	166	101
73	48	5:76310835:C:T	rs41096	5	76310835	1.7e-06	127	58
74	49	5:83997655:C:T	rs368886332	5	83997655	4.5e-06	127	49
75	50	5:132444128:A:G	rs72801474	5	132444128	4.7e-06	303	219
76	51	5:157886953:A:G	rs7729301	5	157886953	1.3e-09	438	318
77	52	6:7231843:A:G	rs9379084	6	7231843	7.3e-06	95	55
78	53	6:20675792:A:C	rs35261542	6	20675792	9.7e-29	811	601
79	53	6:20737354:C:T	rs9465874	6	20737354	3.1e-08	188	76
80	54	6:26186200:A:G	rs9379832	6	26186200	1.2e-08	718	342
81	55	6:33789165:C:T	rs35483019	6	33789165	3.5e-07	518	354
82	55	6:34165721:A:G	rs7742369	6	34165721	1.1e-08	650	439
83	55	6:35687249:G:T	rs9348981	6	35687249	4.1e-06	301	159
84	56	6:88269528:C:T	rs116965441	6	88269528	4.7e-06	586	405
85	57	6:89910050:C:T	rs9451179	6	89910050	1.5e-06	346	210
86	58	6:105480725:C:T	rs9322826	6	105480725	1.5e-06	348	188
87	59	6:109289540:C:T	rs10872027	6	109289540	3.2e-06	390	263
88	60	6:128845182:A:C	rs567811961	6	128845182	6e-06	271	155
89	61	6:130336553:C:T	rs6569646	6	130336553	4.6e-06	71	38
90	61	6:130345835:A:G	rs1415701	6	130345835	4e-11	394	258
91	61	6:130464264:C:T	rs3818792	6	130464264	1.4e-06	468	333
92	62	6:141590755:A:G	rs2084915	6	141590755	9.3e-07	709	441
93	63	6:143713263:A:G	rs223611	6	143713263	7.7e-07	292	168
94	64	6:152032917:C:T	rs1101081	6	152032917	6.1e-20	239	188
95	65	6:158876606:C:T	rs112799524	6	158876606	2.6e-06	667	446
96	66	6:166173624:A:G	rs1874188	6	166173624	5.6e-06	144	82
97	67	7:2120758:A:G	rs3800882	7	2120758	9.8e-06	676	400
98	68	7:2801803:C:T	rs798489	7	2801803	5e-09	415	248
99	69	7:18040895:C:T	rs4449696	7	18040895	7.3e-06	558	342
100	70	7:23109316:A:G	rs112330055	7	23109316	8.4e-07	172	105
101	70	7:23479013:C:T	rs11765649	7	23479013	1e-09	270	161
102	71	7:29329453:A:G	rs117020868	7	29329453	7.6e-06	75	45
103	71	7:29501420:C:T	rs1420127	7	29501420	8.5e-06	45	15
104	72	7:35295365:A:G	rs6959887	7	35295365	1e-08	609	434
105	73	7:44246271:C:T	rs138715366	7	44246271	1.4e-26	40	25
106	74	7:46496598:A:G	rs34949116	7	46496598	3.7e-06	539	379
107	75	7:73056805:C:T	rs62466330	7	73056805	5.9e-12	391	300
108	76	7:83848241:C:T	rs117671613	7	83848241	9.8e-07	148	71
109	77	7:93166131:G:T	rs56157915	7	93166131	3.7e-06	373	242
110	78	7:121597379:C:T	rs537936052	7	121597379	1.1e-06	70	31
111	79	7:127660763:C:T	rs6467157	7	127660763	3.4e-07	598	385
112	80	7:148979649:G:T	rs3735315	7	148979649	6e-07	271	150
113	80	7:149037234:G:T	rs77619848	7	149037234	9.8e-06	184	108
114	81	7:159054952:A:G	rs4143341	7	159054952	3.2e-06	339	229
115	82	8:6438242:C:T	rs2515521	8	6438242	9.3e-06	79	44
116	83	8:17193274:A:C	rs2269693	8	17193274	8.3e-06	306	174
117	84	8:22262840:A:G	rs60946611	8	22262840	7.8e-06	211	102
118	85	8:23345526:C:T	rs732563	8	23345526	5.7e-07	266	152
119	86	8:36496405:A:G	rs112200478	8	36496405	4.6e-06	110	68
120	87	8:38359658:C:T	rs16887405	8	38359658	7.4e-06	177	93
121	88	8:41505849:A:C	rs116964396	8	41505849	5e-07	93	70
122	88	8:41533514:A:G	rs13266210	8	41533514	1.5e-11	361	188
123	89	8:97447552:C:T	rs72680119	8	97447552	4.1e-06	1	1
124	90	8:106113818:A:G	rs17278434	8	106113818	4.5e-06	267	133
125	91	8:119103081:C:T	rs2468151	8	119103081	9.4e-06	39	4
126	92	8:126508746:A:G	rs6989280	8	126508746	5e-08	125	71
127	93	8:142247979:A:G	rs12543725	8	142247979	1.9e-09	130	94
128	94	9:92447581:C:T	rs36002704	9	92447581	8.7e-06	74	31
129	95	9:96907452:C:T	rs10821302	9	96907452	2.2e-09	478	261
130	95	9:98245026:A:G	rs28510415	9	98245026	4e-16	344	259
131	95	9:98256235:G:T	rs473902	9	98256235	6.7e-07	81	44
132	96	9:113858933:C:T	rs1002607	9	113858933	3.1e-08	465	311
133	97	9:119122053:C:T	rs7853634	9	119122053	2.6e-06	67	41
134	98	9:123631225:A:G	rs7847628	9	123631225	5.4e-09	359	201
135	99	9:125824478:C:T	rs700061	9	125824478	1.2e-12	591	363
136	100	9:136141870:C:T	rs2519093	9	136141870	2.2e-06	213	125
137	101	9:139241030:A:G	rs28505901	9	139241030	1.1e-07	235	179
138	102	10:1008627:A:G	rs11253536	10	1008627	1.4e-07	183	124
139	103	10:22412317:C:T	rs184298147	10	22412317	5.9e-06	365	216
140	104	10:30497716:C:T	rs71493709	10	30497716	1.3e-06	336	191
141	105	10:53719628:G:T	rs4935296	10	53719628	3.3e-06	259	163
142	106	10:70987060:A:G	rs10823320	10	70987060	8.4e-07	127	89
143	106	10:70998001:A:G	rs10762269	10	70998001	2.2e-06	72	44
144	107	10:90013195:A:C	rs558443	10	90013195	7.5e-06	174	114
145	108	10:94468643:C:T	rs61862780	10	94468643	9.5e-15	458	282
146	109	10:96023077:C:T	rs57866767	10	96023077	1.5e-07	668	407
147	109	10:96132617:A:G	rs9420636	10	96132617	1.9e-06	331	92
148	110	10:104913940:C:T	rs74233809	10	104913940	1.8e-09	646	417
149	110	10:104952499:C:T	rs79780963	10	104952499	2.4e-06	12	1
150	111	10:111962102:C:T	rs61882777	10	111962102	2.8e-07	336	207
151	112	10:115789375:C:T	rs7076938	10	115789375	4.7e-18	159	62
152	113	10:118482003:A:C	rs74161314	10	118482003	1.9e-06	55	43
153	114	10:120519944:G:T	rs12571735	10	120519944	5e-06	252	129
154	115	10:124167512:C:T	rs2421016	10	124167512	6.1e-09	353	210
155	116	11:2130620:C:T	rs72851023	11	2130620	6.8e-10	363	284
156	117	11:2713548:C:T	rs60056002	11	2713548	4e-06	96	78
157	118	11:10080481:A:C	rs10770085	11	10080481	1.4e-07	937	568
158	119	11:45209921:C:T	rs117746529	11	45209921	1.4e-06	22	7
159	120	11:48670559:C:T	rs139299555	11	48670559	6.2e-06	741	202
160	121	11:58188257:C:T	rs10466679	11	58188257	8.4e-08	1020	639
161	122	11:65364629:A:G	rs7941126	11	65364629	8.9e-07	484	283
162	123	11:69342650:A:G	rs593679	11	69342650	4.2e-06	165	126
163	123	11:69448445:A:G	rs654648	11	69448445	2.7e-07	156	112
164	124	11:69989135:A:G	rs35760498	11	69989135	8e-06	195	130
165	125	11:80933636:C:T	rs11232542	11	80933636	1.2e-06	236	123
166	126	11:92683073:C:T	rs10830957	11	92683073	6.7e-07	102	70
167	127	11:116822528:C:T	rs12286405	11	116822528	2.1e-07	807	544
168	128	12:12890626:A:C	rs11055034	12	12890626	2.3e-08	157	83
169	129	12:22049588:A:G	rs59061211	12	22049588	6.2e-07	170	96
170	130	12:26872730:C:T	rs12823128	12	26872730	3.2e-08	434	280
171	131	12:54539005:A:G	rs12306172	12	54539005	3.8e-06	150	91
172	132	12:66351826:C:T	rs1351394	12	66351826	2e-33	115	81
173	132	12:66409715:A:C	rs7979034	12	66409715	1.4e-10	49	40
174	133	12:78877953:A:G	rs150310788	12	78877953	1.9e-06	68	46
175	134	12:92982747:A:G	rs10859343	12	92982747	4.1e-06	389	164
176	135	12:102937106:A:G	rs4764702	12	102937106	3.9e-07	200	97
177	135	12:102994878:A:G	rs7964361	12	102994878	9.7e-09	190	132
178	135	12:103620337:G:T	rs11111504	12	103620337	3.8e-06	258	166
179	136	12:111910219:A:G	rs10774625	12	111910219	3.4e-06	656	238
180	137	12:121045601:C:T	rs191438349	12	121045601	1.7e-07	507	314
181	137	12:122465613:C:T	rs1720038	12	122465613	2.9e-06	386	262
182	138	12:123799974:A:G	rs6488868	12	123799974	1.2e-06	646	384
183	139	13:21578617:C:T	rs478243	13	21578617	7.9e-06	279	158
184	140	13:28934364:C:T	rs9508017	13	28934364	1.7e-06	137	98
185	141	13:40646156:C:T	rs369655	13	40646156	5.8e-08	212	144
186	141	13:40662742:A:G	rs7998537	13	40662742	1.8e-08	175	122
187	142	13:48882363:A:G	rs2854355	13	48882363	2.2e-08	473	309
188	143	13:78580283:C:T	rs1819436	13	78580283	1.8e-09	726	473
189	144	13:99470990:C:T	rs9557079	13	99470990	4.2e-06	664	446
190	145	14:20812951:A:G	rs3093888	14	20812951	1.1e-06	122	70
191	146	14:23403728:A:G	rs4982712	14	23403728	8.1e-06	226	139
192	147	14:89801234:C:T	rs61983122	14	89801234	3.6e-07	136	83
193	148	14:101257755:C:T	rs6575803	14	101257755	7.1e-08	87	46
194	149	15:40859277:C:T	rs12908114	15	40859277	7.5e-06	615	324
195	150	15:53074952:A:G	rs62023488	15	53074952	7e-06	161	109
196	151	15:60878030:A:G	rs340005	15	60878030	6e-06	177	98
197	152	15:76405891:G:T	rs16967858	15	76405891	5.5e-07	180	69
198	153	15:91427612:A:G	rs12906125	15	91427612	9.9e-09	82	50
199	154	15:96850534:A:G	rs55810078	15	96850534	3.1e-07	68	40
200	155	15:99193269:A:G	rs7402982	15	99193269	1.1e-09	112	62
201	156	16:1264302:C:T	rs10438679	16	1264302	1.4e-06	172	104
202	157	16:15124327:C:T	rs77927814	16	15124327	1.5e-07	314	128
203	158	16:19992996:A:G	rs1011939	16	19992996	2.7e-09	271	158
204	159	16:55741204:C:T	rs28544888	16	55741204	1.8e-06	181	128
205	160	16:57112865:A:G	rs8056429	16	57112865	7.1e-06	67	39
206	161	16:67299497:C:T	rs8053227	16	67299497	4.7e-06	512	257
207	162	16:75249754:C:T	rs6564235	16	75249754	6.8e-06	686	450
208	163	17:789911:A:G	rs113477381	17	789911	6.8e-06	21	2
209	164	17:6859290:A:C	rs113523273	17	6859290	4.9e-06	4	4
210	164	17:7089617:C:T	rs12947697	17	7089617	4.1e-07	57	34
211	164	17:7171356:C:T	rs113086489	17	7171356	1.3e-15	130	84
212	164	17:7233100:A:G	rs72840916	17	7233100	3.7e-06	9	4
213	165	17:20427303:A:G	rs199786594	17	20427303	2.6e-06	430	210
214	166	17:25657719:G:T	rs322166	17	25657719	6.5e-06	216	126
215	167	17:29037339:A:G	rs144843919	17	29037339	1.5e-09	111	71
216	168	17:36899834:A:G	rs3785455	17	36899834	6.6e-06	123	66
217	169	17:45968294:C:T	rs12942207	17	45968294	3e-09	610	371
218	170	17:47244412:C:T	rs4334340	17	47244412	5.2e-07	241	128
219	171	17:48408552:C:T	rs732967	17	48408552	8.6e-06	158	95
220	171	17:48637385:A:G	rs9906084	17	48637385	7.7e-06	150	82
221	172	17:68075324:C:T	rs12940346	17	68075324	1.3e-07	177	118
222	173	17:74558478:A:G	rs11651029	17	74558478	2.5e-06	48	22
223	174	17:79918243:A:G	rs112911973	17	79918243	4.7e-06	80	64
224	175	18:5622645:A:G	rs4798380	18	5622645	5.3e-06	41	16
225	176	18:20718897:C:T	rs28591408	18	20718897	6.5e-06	84	35
226	177	18:76023443:A:C	rs72991563	18	76023443	1.9e-06	61	25
227	178	19:4915341:A:G	rs2602708	19	4915341	6.5e-07	200	124
228	179	19:8787750:G:T	rs61154119	19	8787750	2.3e-08	92	55
229	180	19:33834096:A:G	rs73026242	19	33834096	8e-06	28	14
230	180	19:33926013:A:G	rs10402712	19	33926013	2.3e-08	276	185
231	181	19:40934659:C:T	rs4602142	19	40934659	2.3e-07	223	131
232	182	19:42850554:C:T	rs141749777	19	42850554	6e-07	789	585
233	183	19:49201217:C:T	rs368565	19	49201217	1.2e-07	273	176
234	184	19:54701846:A:G	rs34629529	19	54701846	1.4e-06	140	85
235	185	19:56045712:A:G	rs73061106	19	56045712	4e-06	96	61
236	185	19:56444122:C:T	rs377679	19	56444122	4.6e-06	210	128
237	186	20:4088097:C:T	rs4815655	20	4088097	8.7e-06	122	72
238	187	20:10540293:A:G	rs77924029	20	10540293	9.8e-08	81	37
239	187	20:10601745:C:T	rs117026974	20	10601745	9.7e-06	11	6
240	187	20:10633237:A:G	rs1131695	20	10633237	7.4e-07	166	91
241	187	20:10669188:A:C	rs2206815	20	10669188	7.7e-09	126	79
242	187	20:11209782:C:T	rs6040450	20	11209782	1e-06	209	140
243	188	20:22507891:A:G	rs6082735	20	22507891	1.1e-06	276	210
244	189	20:31275581:A:G	rs28530618	20	31275581	8.4e-11	431	291
245	190	20:34025756:A:G	rs143384	20	34025756	6.4e-07	773	164
246	191	20:39172728:C:T	rs6016377	20	39172728	3.6e-10	169	81
247	191	20:39797465:C:T	rs753381	20	39797465	1.5e-07	536	267
248	192	20:55599249:A:G	rs1033676	20	55599249	5.8e-07	225	145
249	193	20:57359011:C:T	rs118010137	20	57359011	5.6e-06	68	39
250	193	20:57394893:A:G	rs13042402	20	57394893	3.1e-06	240	158
251	194	20:62369997:C:T	rs1151625	20	62369997	4.3e-06	277	167
252	194	20:62445702:A:G	rs73143584	20	62445702	2.5e-06	141	102
253	195	21:16424421:A:G	rs2823025	21	16424421	7.9e-07	72	43
254	196	22:29468456:C:T	rs134594	22	29468456	2.2e-08	268	172
255	197	22:42070374:A:C	rs41311445	22	42070374	9.1e-12	656	360
256	197	22:42552253:G:T	rs742086	22	42552253	5.8e-06	170	47
257	197	22:42691238:C:T	rs1548304	22	42691238	6.9e-06	13	9
258	198	22:45769922:A:G	rs136576	22	45769922	5.6e-06	446	294
259	199	22:46425388:C:T	rs8135712	22	46425388	5.4e-06	90	47
260	200	22:50357416:C:T	rs13811	22	50357416	1.2e-06	118	74
